convBoundary: 0.00,0.00,1767.61,1375.68
TL junctions: 13
3153556582 | 1012.4 | 637.8
53141735 | 409.5 | 643.8
53254289 | 211.2 | 643.0
7013287371 | 1002.4 | 825.6
7953710843 | 201.1 | 1033.8
cluster_10209828640_53148675 | 812.2 | 635.4
cluster_1804700800_53129739 | 1407.0 | 844.1
cluster_1804700801_53030309_7625804249_7625804251 | 1008.3 | 846.4
cluster_3648303878_5019372006_7625804229_7625804230 | 201.9 | 847.4
cluster_4245960164_4245960168_4245960171 | 203.9 | 715.5
cluster_5019371995_53129841 | 403.1 | 848.5
cluster_5019372000_53129844 | 606.2 | 849.2
cluster_5019372003_53129846 | 808.0 | 847.9